FLOOR 2113.png 0 0 224 84 0 52 224 84 -1
CEILING 2086.png 0 0 224 32 0 0 224 32 -1
CELL0 
CELL1
CELL2 2176.png 7 0 41 32 0 32 41 32 10
CELL3 2176.png 6 0 42 32 182 32 42 32 10
CELL4
CELL5
CELL6 
CELL7 2176.png 0 0 47 32 41 32 47 32 10
CELL8 2176.png 0 0 47 32 135 32 47 32 10
CELL9 2176.png 0 0 47 32 88 32 47 32 10
CELL10 2164.png 0 0 44 49 0 27 44 49 10
CELL11 *2163.png 0 0 44 49 179 27 44 49 10
CELL12 2175.png 0 0 84 49 8 27 84 49 10
CELL13 *2174.png 0 0 84 49 132 27 84 49 10
CELL14 2173.png 0 0 72 49 77 27 72 49 10
CELL15
CELL16
CELL17 2172.png 0 0 78 78 0 17 78 78 10
CELL18 *2171.png 0 0 78 78 146 17 78 78 10
CELL19 2170.png 0 0 111 78 60 18 111 78 10
CELL20 2169.png 0 0 62 119 0 5 62 119 10
CELL21 *2168.png 0 0 62 119 162 5 62 119 10
CELL22 2167.png 0 0 167 117 30 6 167 117 10
CELL23 2166.png 0 0 34 136 0 0 34 136 10
CELL24 *2165.png 0 0 34 136 189 0 34 136 10
CELL25
