CELL0 
CELL1
CELL2 
CELL3 
CELL4
CELL5
CELL6 
CELL7 
CELL8 
CELL9 
CELL10 2129.png 0 0 33 9 0 66 33 9 10
CELL11 *2129.png 0 0 33 9 192 66 33 9 10
CELL12 2128.png 0 0 63 9 19 66 63 9 10
CELL13 *2128.png 0 0 63 9 141 66 63 9 10
CELL14 2127.png 0 0 58 9 82 66 58 9 10
CELL15
CELL16
CELL17 2126.png 0 0 69 14 0 77 69 14 10
CELL18 *2126.png 0 0 69 14 155 77 69 14 10
CELL19 2125.png 0 0 90 14 66 77 90 14 10
CELL20 2124.png 0 0 50 22 0 97 50 22 10
CELL21 *2124.png 0 0 50 22 174 97 50 22 10
CELL22 2123.png 0 0 140 22 42 97 140 22 10
CELL23 2122.png 0 0 21 14 0 122 21 14 10
CELL24 *2122.png 0 0 21 14 203 122 21 14 10
CELL25 2121.png 0 0 178 14 22 122 178 14 10
